1 1774.5 188.742 189757.649036 882.487998962402
2 1913.2 315.564 251510.936704 1943.34400177002
3 1920.1 484.075 349547.008475 3124.31100463867
4 2101.4 595.073 320780.047971 4444.37000274658
5 2101.4 592.21 364840.2449 5371.2200012207
6 2438.5 653.392 413291.995336 6730.56800079346
7 2438.5 731.606 429909.285364 7759.08300018311
8 2582.5 851.758 428649.399636 9124.13200378418
9 2582.5 843.601 406178.685099 10169.4469985962
10 4714.3 844.581 710154.658339 11515.2519989014
11 4714.3 931.909 625541.879819 12613.4160003662
12 4714.5 940.461 695632.658379 14052.3450012207
13 4714.5 963.31 502890.0595 15167.1669998169
14 4714.5 899.723 574372.992171 16169.1689987183
15 4714.5 1119.215 807259.027275 17327.5330047607
16 4714.5 900.103 646089.865891 18546.2340011597
17 4718.2 1023.698 732361.250396 19972.5120010376
18 4718.2 1074.694 617962.669964 21093.1480026245
19 4742.9 1018.307 653675.669251 22511.9080047607
20 4742.9 956.603000000001 580459.783291 23545.1220016479
21 4749.6 1067.296 746053.527984 24998.2710037231
22 4749.6 1174.915 672697.282475 26142.4760055542
23 4749.6 1142.838 588399.378156 27269.9160003662
24 4749.6 1139.062 670791.378156 28417.108001709
25 4749.6 1117.311 671427.252979 29521.5029983521
26 4749.6 1070.786 626586.871604 30609.9749984741
27 4765.9 1156.837 736860.913531 32102.5130004883
28 4768.9 1175.036 745573.551704 33571.7130050659
29 4768.9 1250.483 698314.646611 34824.046005249
30 4768.9 1080.696 585353.141184 36359.5950012207
31 4768.9 1212.695 960635.298875 37553.3920059204
32 4768.9 1196.245 682702.108475 38708.7570037842
33 4768.9 1104.29 568085.6903 39808.3540039063
34 4768.9 899.363 549902.911331 40773.1030044556
35 4768.9 1250.501 851378.189499 41983.4270019531
36 4768.9 1078.082 791168.533076 43062.8560028076
37 4768.9 1108.701 529591.384099 44203.5009994507
38 4768.9 1049.609 533906.389419 45306.0960006714
39 4768.9 1147.899 740833.532899 46474.3720016479
40 4768.9 933.656 571764.921264 47455.8380050659
41 4768.9 1162.096 684088.906584 48617.1040039063
42 4768.9 1055.2 509044.165 49711.0490036011
43 4768.9 1261.428 719370.157816 50914.2550048828
44 4775.1 1137.221 763216.916259 52368.8359985352
45 4775.1 1143.084 590557.487144 53534.8010025024
46 4775.1 1121.818 768413.230076001 54648.8150024414
47 4775.1 1211.758 616909.702236 55826.9459991455
48 4775.1 1435.244 700548.448464 57168.3479995728
49 4775.1 1342.689 694530.263579 58395.4400024414
50 4775.1 1336.557 841228.048051 60023.9230041504
