1 415 30.77 4909.5451 763.546005249023
2 739.4 48.868 11540.638176 1530.44400024414
3 739.4 66.6300000000001 14819.5593 1942.62000274658
4 739.4 115.331 26465.339139 2418.67100524902
5 739.4 93.82 19179.8456 2868.33800506592
6 1643.5 156.688 59035.886256 3741.01900482178
7 1643.5 137.506 45656.917564 4267.78700256348
8 1643.5 197.041 66542.920419 4807.04700469971
9 2045.6 236.465 86483.508475 5704.21000671387
10 2045.6 213.415 95295.2016749999 6238.8090057373
11 2045.6 238.377 70445.395771 6791.37100219727
12 2045.6 277.119 116583.540939 7360.85200500488
13 2045.6 248.963 101811.074931 7907.29700469971
14 2045.6 253.765 67502.5284749999 8466.85800170898
15 2045.6 270.849 66613.0578989999 9033.1960067749
16 2045.6 239.116 70819.1483440001 9563.13400268555
17 2045.6 314.605 84676.910075 10140.7100067139
18 2045.6 252.034 65168.406444 10665.918006897
19 2045.6 291.418 68545.5976759999 11230.7490005493
20 2052.2 313.803 115327.186691 12154.9360046387
21 2052.2 291.35 82821.4339 12713.0920028687
22 2052.2 305.045 65035.014675 13275.0930023193
23 2052.2 313.056 99623.468264 13851.4240036011
24 2052.2 306.866 96068.312244 14420.0670013428
25 2052.2 283.726 63797.784124 14977.5280075073
26 3248.2 332.744 150833.709064 15909.2410049438
27 3248.2 372.473 122037.941571 16547.8190002441
28 3248.2 321.827 123021.862771 17129.1210021973
29 3248.2 298.946 119031.456684 17677.7460021973
30 3248.2 288.305 123858.015875 18223.1510009766
31 3248.2 323.188 118117.135256 18794.5250015259
32 3248.2 319.727 121088.591771 19372.4790039063
33 3248.2 329.876 115726.256224 19949.7440032959
34 3248.2 333.01 135745.2851 20534.8510055542
35 3248.2 366.593 138362.490251 21154.2560043335
36 3248.2 345.912 122744.735856 21751.5530014038
37 3248.2 379.467 212234.258011 22374.0960006714
38 3248.2 317.104 121597.548984 22952.3350067139
39 3248.2 335.389 160879.559379 23543.2290039063
40 3248.2 356.314 138514.539004 24150.4800033569
41 4306.8 434.141 434120.373419 25172.4470062256
42 4306.8 311.404 213532.055184 25728.5930023193
43 4306.8 375.653 254072.044491 26349.9240036011
44 4707.3 512.597 580872.141891 27447.9190063477
45 4707.3 397.38 264524.2154 28101.8160018921
46 4707.3 429.65 326093.8893 28781.2130050659
47 4707.3 347.986 266805.787804 29406.9130020142
48 4707.3 363.149 237107.567699 30030.8600006104
49 4707.3 347.804 248207.401784 30655.9630050659
50 4707.3 390.081 270634.384739 31314.25
51 4707.3 382.569 253013.861739 31955.8350067139
52 4707.3 340.969 239301.892339 32565.8390045166
53 4707.3 467.278 534092.859716 33267.8120040894
54 4707.3 472.627 510132.621371001 33962.9910049438
55 4707.3 402.831 315823.489139 34606.3710021973
56 4707.3 403.648 295983.086496 35238.0010070801
57 4707.3 429.803 349000.396891 35905.904006958
58 4707.3 470.525 501380.357475 36597.199005127
59 4707.3 458.835 486313.238275 37267.591003418
60 4707.3 506.711 465297.964379 37977.6390075684
61 4719.4 653.615 1023695.545675 39182.7780075073
62 4719.4 556.485 629618.528875 39986.6750030518
63 4719.4 557.924 555163.389424 40733.952003479
64 4719.4 499.743 609870.340851 41438.921005249
65 4719.4 578.478 617270.845116 42202.7580032349
66 4719.4 649.743 864594.338651 43031.5890045166
67 4719.4 526.315 555630.124275 44009.216003418
68 4719.4 541.62 509980.3984 44742.6860046387
69 4719.4 566.515 490732.301275 45495.2380065918
70 4719.4 542.456 588363.361663999 46588.1000061035
